image: ./map.pgm
resolution: 0.100000
origin: [-31.382700, -27.814445, 0]
negate: 0
occupied_thresh: 0.65
free_thresh: 0.196

